function cityLocation = LoadCityLocations

cityLocation = [
  16.303268138034628   7.129182064109691; ...
  12.316757719315326   4.409627113373858; ...
  13.072546875817137   8.017714836151125; ...
  15.604832582681968   2.158974345696600; ...
  17.401803390885384   6.399746847414304; ...
  13.222294712794524   6.594405739845993; ...
   9.651401439940274   4.101198651555478; ...
   7.266945531506188   8.470221602515906; ...
  14.367375359988275   4.222132128343533; ...
  ];