bestPath =  [19, 7, 14, 22, 17, 24, 23, 4, 9, 10, 13, 1, 5, 18, 12, 2, 6, 15, 3, 11, 20, 8, 16, 21, 36, 49, 30, 47, 34, 42, 28, 48, 33, 38, 45, 39, 27, 44, 40, 37, 46, 41, 35, 43, 31, 26, 25, 32, 50, 29];
